925911312
925911312
995373885
925911312
925911312
557206189
351175162
351175162
590800740
636030203
995373885
858283863
858283863
858283863
858283863
858283863
858283863
858283863
557206189
557206189
453478245
557206189
962239016
636030203
557206189
590800740
557206189
950411737
453478245
557206189
573834071
636030203
904025653
594171390
942698761
557206189
590800740
590800740
920084712
557206189
878926309
509979485
1072353091
516814358
516814358
516814358
516814358
590800740
557206189
590800740
894930703
590800740
453478245
702741528
509979485
509979485
509979485
636030203
598940367
557206189
590800740
590800740
636030203
702741528
578428511
826107907
881829455
882612696
509979485
509979485
509979485
509979485
509979485
702741528
509979485
509979485
516814358
509979485
509979485
509979485
345089924
1006928946
509979485
509979485
702741528
702741528
540099398
509979485
509979485
509979485
509979485
509979485
509979485
509979485
702741528
1012248381
509979485
557206189
906614840
509979485
509979485
884100956
965264934
509979485
636030203
1055929747
636030203
509979485
702741528
1055929747
540099398
1094635156
590800740
509979485
509979485
506471253
645941600
1027186393
580064597
802934324
802934324
590800740
509979485
509979485
590952750
1056488140
702741528
702741528
1049393966
533347101
1024865833
906827785
684994387
702741528
1049393966
509979485
702741528
1012248381
509979485
509979485
715028129
1011232843
590800740
942698761
509979485
509979485
453478245
727103674
516814358
890864774
825918897
540099398
509979485
1015264796
509979485
1098630800
825918897
509979485
972853258
715028129
540099398
590800740
827418338
540099398
530958599
509979485
557206189
827418338
781450977
836495084
836495084
509979485
702741528
333195368
827418338
666330838
1012248381
509979485
549468300
391581160
727008750
1015264796
898170581
590952750
942993883
836495084
1046762279
922034049
608426903
702741528
836495084
789617785
972030570
972030570
1011232843
516315043
668134574
972030570
972030570
935415794
818815958
789617785
676695642
922034049
922034049
972030570
972030570
702741528
889015007
402405989
995705252
721935991
440597564
980645138
836495084
922629444
836495084
926649047
899485810
789617785
789617785
980645138
980645138
980645138
980645138
939748941
717304933
1036268852
898170581
902965154
717304933
890864774
972030570
922034049
972030570
972030570
969595449
969595449
969595449
908560737
1004955716
1004955716
1004955716
1004955716
1004955716
1004955716
605065066
440597564
440597564
787285099
727103674
590800740
540099398
540099398
540099398
540099398
540099398
540099398
540099398
540099398
895425891
1045731276
935415794
959167247
1051445625
825918897
825918897
825918897
526381137
526381137
526381137
1112932925
1110129723
509979485
509979485
509979485
509979485
509979485
509979485
509979485
1055929747
1160062110
935415794
1080121254
1080121254